text_table:
	.db 10
	.db 0, 110
	.dl 24750
	.db 21
	.dl text_1
	.db 0, 163
	.dl 24680
	.db 44
	.dl text_2
	.db 1, 194
	.dl 24750
	.db 23
	.dl text_3
	.db 1, 223
	.dl 24661
	.db 34
	.dl text_4
	.db 1, 115
	.dl 24674
	.db 25
	.dl text_5
	.db 3, 3
	.dl 22789
	.db 84
	.dl text_6
	.db 3, 242
	.dl 24005
	.db 28
	.dl text_7
	.db 4, 179
	.dl 24008
	.db 50
	.dl text_8
	.db 5, 6
	.dl 24100
	.db 25
	.dl text_9
	.db 5, 196
	.dl 24004
	.db 55
	.dl text_10




text_1:
	;i'm scared of heights
	.db 38, 58, 42, 70, 48, 32, 30, 47, 34, 33, 71, 44, 35, 70, 37, 34, 38, 36, 37, 49, 48

text_2:
	;this year i'm making it to the top for sure!
	.db 49, 37, 38, 48, 70, 54, 34, 30, 47, 70, 38, 58, 42, 70, 42, 30, 40, 38, 43, 36, 70, 38, 49, 71, 49, 44, 70, 49, 37, 34, 70, 49, 44, 45, 70, 35, 44, 47, 70, 48, 50, 47, 34, 56

text_3:
	;yippee! i love jumping!
	.db 54, 38, 45, 45, 34, 34, 56, 71, 38, 70, 41, 44, 51, 34, 71, 39, 50, 42, 45, 38, 43, 36, 56

text_4:
	;i'm waiting for my kid to catch up
	.db 38, 58, 42, 70, 52, 30, 38, 49, 38, 43, 36, 70, 35, 44, 47, 70, 42, 54, 71, 40, 38, 33, 70, 49, 44, 70, 32, 30, 49, 32, 37, 70, 50, 45

text_5:
	;be careful of the spikes!
	.db 31, 34, 70, 32, 30, 47, 34, 35, 50, 41, 70, 44, 35, 71, 49, 37, 34, 70, 48, 45, 38, 40, 34, 48, 56

text_6:
	;my teacher said if i reach the top of  the tree i'll get to meet  the forest spirit!
	.db 42, 54, 70, 49, 34, 30, 32, 37, 34, 47, 70, 48, 30, 38, 33, 70, 38, 35, 71, 38, 70, 47, 34, 30, 32, 37, 70, 49, 37, 34, 70, 49, 44, 45, 70, 44, 35, 70, 71, 49, 37, 34, 70, 49, 47, 34, 34, 70, 38, 58, 41, 41, 70, 36, 34, 49, 70, 49, 44, 70, 42, 34, 34, 49, 70, 71, 49, 37, 34, 70, 35, 44, 47, 34, 48, 49, 70, 48, 45, 38, 47, 38, 49, 56

text_7:
	;i'm getting too old for this
	.db 38, 58, 42, 70, 36, 34, 49, 49, 38, 43, 36, 70, 49, 44, 44, 71, 44, 41, 33, 70, 35, 44, 47, 70, 49, 37, 38, 48

text_8:
	;the hardest part is getting back up after you fall
	.db 49, 37, 34, 70, 37, 30, 47, 33, 34, 48, 49, 70, 45, 30, 47, 49, 71, 38, 48, 70, 36, 34, 49, 49, 38, 43, 36, 70, 31, 30, 32, 40, 70, 50, 45, 71, 30, 35, 49, 34, 47, 70, 54, 44, 50, 70, 35, 30, 41, 41

text_9:
	;woah we're really high up
	.db 52, 44, 30, 37, 70, 52, 34, 58, 47, 34, 71, 47, 34, 30, 41, 41, 54, 70, 37, 38, 36, 37, 70, 50, 45

text_10:
	;my big sis is so good at climbing! i wanna be like her!
	.db 42, 54, 70, 31, 38, 36, 70, 48, 38, 48, 70, 38, 48, 71, 48, 44, 70, 36, 44, 44, 33, 70, 30, 49, 70, 32, 41, 38, 42, 31, 38, 43, 36, 56, 71, 38, 70, 52, 30, 43, 43, 30, 70, 31, 34, 70, 41, 38, 40, 34, 70, 37, 34, 47, 56